983 5565
3827 7902
4333 10207
4592 10808
4852 11403
5338 14381
5613 14980
5623 15580
6002 15582
7170 15427
8936 22035
8937 22036
8938 22037
8939 22038
8940 22039
8941 22040
8942 22041
8943 22042
8944 22054
8945 22055
8946 22056
8947 22057
8948 22058
8949 22059
8950 22060
8951 22061
9248 22610
9249 22611
9252 22622
9257 22623
9581 23144
9582 23154
9583 23153
9584 23164
9585 23172
9907 24246
9908 24247
9909 24248
9911 23724
9912 23725
9913 23726
9914 24271
9915 24272
9918 23718
9919 23717
10205 24792
10206 24829
10207 24273
10208 24274
10209 24275
10210 24276
10211 24277
10212 24278
10213 24279
10214 24280
10215 24281
10216 24282
10217 24283
10218 24284
10219 24285
10220 24286
10225 24244
10226 24261
10342 6580
10508 25379
10520 24860
10521 24861
10538 24812
10539 24822
10542 24813
10543 24820
10806 25944
10810 25936
10811 25945
10825 25373
10826 25377
10827 25381
10828 25382
10829 25383
10848 25384
10849 24819
10851 25398
10852 25399
10853 25401
10854 25402
10855 25404
10856 25441
10857 25446
10858 25447
10859 25448
10879 25462
10880 25463
10881 25464
10882 25465
10883 25466
10886 25481
10887 25482
11150 26522
11155 25965
11159 25967
11160 25968
11161 25969
11162 25970
11163 25971
11164 25972
11165 25974
11168 25993
11169 25994
11170 25995
11171 25996
11172 25997
11173 25998
11174 25999
11175 26000
11176 26001
11177 26002
11178 26003
11179 26004
11180 26005
11181 26006
11182 26007
11183 26008
11184 26009
11185 26010
11186 26011
11188 26012
11189 26023
11190 26013
11194 26026
11195 26027
11196 26028
11197 26029
11198 26030
11199 26031
11200 26032
11201 26033
11202 26034
11203 26035
11205 26043
11206 26044
11207 26045
11208 26046
11209 26047
11210 26048
11211 26049
11215 25478
11503 27075
11504 27077
11505 27080
11507 26541
11508 26542
11509 26543
11511 26561
11512 26562
11513 26563
11514 26564
11515 26566
11516 26567
11517 26568
11518 26569
11519 26570
11520 26571
11521 26572
11522 26573
11523 26574
11524 26589
11525 26598
11526 26599
11527 26609
11892 27092
11893 27094
11894 27112
11896 27124
11897 27144
11898 26594
11899 26597
11900 27133
11901 27159
12272 32316
12350 27674
12351 27675
12352 27676
12353 27677
12354 27678
12358 27690
12359 27691
12360 27694
12361 27696
12362 27697
12363 27698
12364 27713
12365 27130
12366 27728
12368 27717
13034 28297
13035 28307
13036 28308
13037 28291
13038 28315
13039 28327
13909 32340
13926 28918
14771 32344
14772 32345
14773 32346
14775 33994
15488 33991
15489 33992
17166 36808
22540 43517
23386 49147
23396 48066
24035 51061
24036 51383
24037 51384
24038 51385
24039 51386
24040 51387
24041 51388
24042 51389
24053 51407
24081 50302
24638 52119
24639 52120
24643 52437
24644 52438
24646 52458
24647 52459
24648 52460
24649 51381
24659 52461
24660 52462
25276 54263
25277 54264
25278 53200
25279 53201
25281 53203
25282 53204
25283 53515
25926 54262
25929 55324
25933 54265
25934 53516
25935 53517
25936 53518
25937 53519
25938 53520
25939 53521
25940 53522
25941 53523
25942 53524
25954 53526
26602 56374
26614 55328
26615 55329
26616 55389
26617 55390
26618 55387
26619 55622
26620 55623
26621 55624
26622 55625
26623 55642
26624 55643
26625 55644
26626 55645
27363 58560
27364 58561
27374 57463
27375 57464
27376 56398
27377 56449
27379 56465
27380 56461
27381 56693
27382 56695
27383 56689
27384 56690
27385 56691
27392 56698
28102 57448
28103 57449
28104 58563
28105 58564
28111 57469
28116 57478
28117 57479
28118 57480
28119 57481
28120 57499
28123 57522
28124 57524
28125 57527
28126 57528
28129 56692
28133 56696
28134 56697
28141 56699
28146 55616
28892 59650
28899 58582
28904 58589
28905 58596
28906 58598
28908 58583
28909 58584
28910 58585
28911 58586
28912 58587
28913 58588
28914 59684
28923 58617
28924 58618
28925 58620
28926 58631
28927 58632
28928 58633
28929 58634
28930 58635
28931 58636
28932 58644
28933 58645
28934 58646
28935 58647
28936 58648
28937 58650
28939 58872
28945 57766
29691 59628
29692 59629
29693 59630
29694 59631
29700 60696
29723 59663
29725 59665
29730 59670
29734 59682
29737 59685
29748 59664
29749 59666
29750 59667
29751 59668
29752 59678
29753 59680
29754 59681
29755 59683
29756 59691
29757 59692
29758 59693
29768 59694
29769 59695
29770 59696
29771 59706
29772 59707
29773 59708
29774 59709
29775 59710
29776 59712
29777 59713
29778 59714
29779 59715
29780 59716
29784 59951
29785 59952
29786 58873
29787 58874
29802 57752
29803 57753
30558 60676
30559 61743
30560 61747
30561 60693
30562 60694
30563 60695
30567 61764
30602 60714
30603 60724
30604 60725
30605 60726
30606 60727
30607 60728
30608 60729
30609 60730
30610 60731
30611 60751
30612 60756
30616 60761
30617 60762
30618 60763
30619 60764
30620 60765
30624 60735
30625 60744
30626 60745
30627 60746
30628 60747
30629 60748
30630 60749
30631 60758
30632 60759
30633 60760
30634 60766
30635 60767
30636 60768
30637 60769
30642 60782
30643 60783
30644 60784
30646 59950
30651 59955
31485 61745
31486 61746
31492 62817
31508 61762
31509 61766
31510 61767
31511 61768
31516 61777
31526 62849
31528 61770
31529 61771
31530 61772
31531 61773
31532 61779
31533 62842
31534 62843
31535 62844
31536 62845
31537 62846
31538 62847
31544 61819
31545 61820
31551 61799
31552 61800
31553 61804
31554 61807
31555 61813
31556 61814
31557 61815
31558 61816
31559 61817
31560 62873
31561 62874
31562 62875
31564 62877
31566 61802
31567 61829
31568 61839
31569 61840
31571 62063
31572 62064
32418 62799
32419 62800
32420 62801
32421 63878
32422 63879
32428 63885
32450 62840
32458 62848
32460 62835
32464 62869
32465 62870
32466 62871
32467 62872
32473 62866
32474 62062
32479 62060
33313 64910
33314 63881
33315 63882
33316 63883
33317 63884
33318 64932
33325 63903
33326 63904
33327 63905
33328 63906
33329 63907
33330 63908
33331 63909
33332 63912
33333 63915
33334 63916
33335 63917
33341 63918
33342 63919
33343 63940
33344 63941
33345 63942
33352 63952
33353 63953
33354 63954
33355 63955
33356 63956
33357 63957
33358 63958
33359 63959
33360 63960
33361 63961
33362 63962
33363 63963
33364 63945
33365 63968
33375 60994
33376 60995
33377 60996
34173 64912
34174 64913
34175 64914
34182 65991
34186 64933
34187 64934
34190 64937
34197 66016
34199 64941
34202 64967
34203 64968
34204 64969
34205 64970
34206 64971
34207 64972
34208 64973
34209 64974
34210 64979
34213 64959
34214 64966
34215 64980
34216 64981
34217 64982
34227 65003
34234 64214
35018 65970
35021 65971
35022 65972
35023 65973
35024 65982
35025 65983
35026 65984
35027 65985
35028 65986
35029 65987
35030 65988
35031 65989
35032 65990
35037 66002
35038 66003
35039 66004
35040 66005
35041 66006
35042 66007
35043 66008
35044 66009
35046 66011
35047 66012
35050 66026
35053 66018
35054 66019
35055 66020
35056 66038
35057 66039
35058 66021
35059 66022
35060 66050
35061 66051
35062 66052
35063 66053
35064 66054
35065 66055
35066 66056
35067 66057
35068 66058
35069 66059
35070 66060
35071 66061
35072 66075
35073 65223
35074 65224
35075 65225
35076 64188
35087 63111
35889 66832
35894 66841
35897 66850
35939 67067
35942 67072
35943 67073
35950 67068
35951 67069
35952 67070
35953 67074
35954 67075
35955 67076
35958 68143
35962 67093
35963 67094
35964 67095
35965 67096
35966 67097
35967 67098
35968 67099
35969 67100
35970 67101
35971 67106
35974 67134
35978 67127
35979 67128
35980 67129
35981 67133
35982 67140
35983 67141
35984 67149
35985 67150
35986 67161
35987 67162
35988 67163
35989 67164
35990 67165
35991 67166
35992 67167
35993 67168
35994 67169
35995 65193
36001 65227
36002 65228
36824 68910
36826 67863
36827 67864
36828 67865
36831 67872
36832 67873
36835 67881
36942 68119
36943 68120
36944 68121
36945 68122
36946 68123
36947 68124
36948 68135
36949 68136
36950 68137
36955 68142
36957 68129
36958 68130
36959 68148
36960 68149
36961 68150
36972 68186
36974 68161
36975 68163
36976 68164
36977 68166
36978 68168
36979 68174
36980 68175
36981 68176
36982 68177
36983 68178
36984 68179
36985 68180
36986 68181
36987 68182
36989 69275
36990 68201
36991 68202
36992 68203
36993 68204
36994 68205
36995 68206
36996 68207
36997 68208
36998 68209
36999 68210
37000 68211
37001 68212
37002 68213
37007 67397
37042 65220
37863 68899
37864 68900
37865 68901
37868 68911
37869 68912
37870 68922
37875 68933
37878 68940
37879 70041
37979 69175
37985 69187
37986 69188
37987 69189
37988 69190
37989 69191
37990 69192
37991 69193
37992 69194
37993 69195
37994 69196
37995 69197
37996 69198
37997 69199
37998 69210
38000 69222
38001 69225
38003 69211
38004 69212
38005 69213
38006 69214
38007 69215
38008 69216
38009 69217
38010 69218
38011 69219
38012 69220
38013 69221
38014 69226
38016 69260
38017 69247
38018 69248
38019 69249
38020 69250
38021 69251
38022 69252
38023 69253
38024 69254
38025 69255
38026 69261
38027 69262
38028 69274
38029 69280
38030 69281
38031 69282
38032 69283
38033 69284
38034 69285
38035 69286
38036 69287
38037 69288
38038 69289
38039 69290
38040 67368
38041 67369
38050 68438
38052 67398
38054 67399
38055 67400
38056 67401
38860 69946
38861 69962
38862 69963
38863 69964
38864 69965
38875 70009
39027 70294
39034 70302
39035 70303
39036 70304
39037 70305
39038 70306
39039 70307
39040 70310
39041 70311
39042 70312
39043 70314
39044 70315
39045 70320
39046 70321
39047 70328
39048 70329
39049 70366
39051 70332
39052 70339
39053 70340
39054 70341
39055 70342
39056 70343
39057 70344
39058 70345
39059 70346
39060 70347
39061 70354
39062 70361
39063 70362
39064 70363
39065 70368
39069 70357
39070 70358
39074 70380
39075 70381
39076 70382
39077 70394
39085 70388
39086 70389
39087 70390
39088 70391
39095 68443
39123 68460
39893 71003
39894 71004
39895 71005
39900 71021
39914 72132
40143 71379
40152 71383
40153 71386
40154 71389
40155 71390
40156 71391
40157 71392
40158 71393
40159 71394
40160 71395
40161 71396
40162 71397
40163 71398
40164 72526
40169 71405
40170 71411
40171 71412
40172 71414
40173 71415
40174 71416
40175 71417
40176 71418
40177 71419
40178 71420
40179 71421
40180 71438
40184 71441
40185 71442
40186 71443
40187 71430
40188 71444
40189 71445
40190 71446
40191 71447
40192 71448
40193 71449
40194 71454
40202 71478
40203 71479
40204 71480
40205 71481
40206 71482
40207 71483
40208 71484
40209 71486
40210 71488
40216 69498
40217 69499
40219 69500
40226 69512
40228 70617
40231 69529
41028 72089
41029 72103
41030 72104
41031 72105
41051 71085
41301 72500
41302 72501
41303 72510
41310 71385
41312 71387
41313 71388
41315 72513
41316 72514
41317 72515
41318 72516
41319 72517
41320 72518
41321 72519
41322 72527
41323 72528
41325 72535
41327 72540
41328 72541
41329 72542
41330 72543
41331 72544
41332 72545
41333 72546
41334 72547
41335 72548
41336 72549
41337 72551
41338 72556
41339 72564
41340 72565
41341 72570
41342 72571
41346 72559
41347 72560
41348 72561
41349 72562
41350 72563
41354 72585
41355 72586
41356 72587
41357 72599
41362 72588
41382 71710
42173 73172
42174 73173
42175 73174
42176 73189
42179 73207
42223 80823
42425 73580
42426 73602
42427 73603
42432 73589
42433 73597
42434 73598
42435 73599
42436 73600
42437 73601
42441 73590
42442 73591
42443 73592
42444 73593
42445 73594
42452 73612
42453 73613
42454 73614
42455 73615
42456 73616
42457 73620
42458 73621
42459 73622
42460 73628
42461 73641
42467 73618
42472 73647
42473 73648
42474 73649
42475 73655
42480 73645
42483 73654
42485 73656
42486 73657
42487 73658
42488 73659
42489 73664
42490 73682
42502 72792
42503 72793
42504 72794
42506 72795
43269 75339
43270 74242
43271 74243
43272 74244
43273 74257
43288 75346
43289 74255
43300 75367
43301 75368
43302 74281
43303 74282
43304 74283
43306 74295
43307 74296
43504 74665
43507 74675
43508 74687
43509 74688
43510 74689
43511 75776
43512 75777
43513 75782
43517 74676
43518 74677
43519 74682
43520 74683
43521 74684
43522 74690
43523 74691
43524 74692
43525 74702
43526 74711
43527 74716
43534 74723
43536 74724
43537 74725
43538 74726
43539 74727
43540 74728
43541 74729
43542 74730
43543 74731
43544 74737
43547 74738
43548 74739
43549 74740
43550 74741
43551 74742
43552 74743
43556 74752
43557 74753
43566 74772
43568 74773
43569 74774
43570 74775
43571 74776
43572 74778
43573 74779
43582 72797
44346 75330
44347 75331
44349 75338
44350 75340
44566 75756
44568 75772
44569 75773
44570 75774
44571 75775
44572 75783
44573 75787
44575 74680
44576 75767
44577 75768
44578 75769
44579 75770
44580 75771
44582 75795
44583 75796
44584 75797
44585 75798
44586 75799
44587 75800
44588 75801
44589 75802
44590 75804
44591 75805
44592 75823
44604 74732
44605 74736
44607 75831
44608 75832
44609 75833
44610 75838
44622 75840
44636 73872
44637 73873
44638 74995
45429 76379
45430 76380
45431 76381
45432 76382
45444 76399
45460 76405
45461 76406
45624 76800
45625 76801
45633 76822
45634 76823
45640 76827
45641 76828
45642 76830
45643 76837
45644 76838
45645 76839
45646 76846
45647 76850
45648 76863
45663 76864
45664 76865
45665 76866
45666 76867
45667 76868
45668 76871
45669 76852
45670 76879
45671 76884
45672 76885
45675 76873
45676 76874
45677 76875
45678 76876
45691 75842
45692 76910
46477 77428
46478 77434
46479 77435
46480 77436
46481 76374
46483 77443
46484 77444
46510 77457
46511 77465
46512 77466
46518 76424
46522 83825
46619 77875
46639 77888
46640 77889
46641 77891
46642 77892
46657 77890
46658 77911
46659 77912
46660 77920
46661 77921
46662 77933
46674 76814
46675 76815
46676 76816
46677 77906
46678 77907
46679 77908
46680 77909
46681 77942
46682 77943
46683 77944
46684 77945
46685 77946
46686 77947
46687 77949
46688 77950
46689 77954
46690 77964
46691 77965
46692 77970
46707 77956
46709 77985
46716 76877
46719 77986
46720 76887
46721 76913
46722 76914
46731 76911
47473 78470
47474 78471
47475 78472
47480 78476
47481 78477
47482 78478
47483 78484
47512 79533
47513 78497
47581 78917
47589 78920
47590 78922
47591 78923
47592 78924
47598 78930
47599 78931
47600 78932
47601 78933
47602 78950
47616 78940
47617 78941
47618 78942
47619 78976
47642 78970
47643 78971
47644 78972
47649 78977
47650 78981
47651 79012
47652 79017
47653 79018
47654 79070
47655 79071
47668 79011
47670 79019
47671 79080
47672 79072
47673 79073
47679 79006
47680 79007
47681 79008
47682 79009
47688 77987
47689 77988
47690 77989
47691 77990
47692 77993
47693 79049
47694 79051
47695 79052
48493 80599
48494 79513
48495 79514
48496 79515
48497 79521
48507 79528
48535 79542
48548 85735
48594 81035
48595 81036
48598 79985
48601 79979
48602 79980
48603 79981
48609 79976
48612 78934
48615 79996
48616 80004
48628 78937
48631 79994
48634 79997
48635 80005
48636 80034
48637 80035
48638 80036
48639 80037
48640 80052
48666 81180
48675 80128
48676 80129
48677 80130
48678 80131
48679 80132
48680 80133
48681 80134
48682 80135
48683 80136
48684 80137
48685 80138
48697 80081
48698 80082
48699 80083
48700 80084
48701 80085
48702 80086
48708 79053
48711 80148
48714 80149
49512 80593
49513 80594
49514 80595
49515 79509
49522 81610
49524 80598
49556 80615
49607 81046
49608 81047
49609 81048
49610 81049
49611 81050
49620 79993
49621 81078
49638 81086
49639 81126
49647 81176
49648 81177
49650 81206
49652 81121
49653 81122
49654 80090
49655 80091
49656 81194
49657 81195
49658 81202
49659 81203
49660 81204
49661 81205
49715 79288
50563 81601
50564 81604
50565 81605
50566 81606
50572 81607
50573 81608
50574 81609
50604 82628
50633 82038
50634 82039
50635 82040
50636 82041
50637 82042
50640 82036
50641 82037
50645 82057
50646 82058
50655 82074
50665 81082
50668 82117
50669 82174
50675 82185
50676 82186
50677 82198
50678 82199
50681 82152
50683 82187
50685 82214
51621 82613
51622 82616
51623 82617
51624 82618
51696 83049
51701 83051
51709 83081
51710 83082
51713 83166
51720 83192
51728 83191
51774 83386
51775 83387
51786 83394
51787 83395
52709 83594
52713 83597
52714 83598
52795 84134
52798 84087
52800 84155
52807 82112
52836 85286
52844 84319
52845 84320
52846 84321
52858 84333
53889 84522
53890 84523
53894 84526
53916 83610
53929 76512
53962 84898
53963 84899
53964 85086
53965 85098
53966 85099
53980 85122
54007 85310
54015 85318
54966 85509
54976 85515
54986 84536
54997 85520
54998 85521
55046 85861
55047 85879
55048 85902
55066 87146
55075 86238
56118 86437
56119 85512
56195 87752
56198 86793
56199 86817
56200 86847
56203 86909
56204 87891
56205 86952
56226 87145
56228 87168
56231 86251
57358 87705
57359 87734
57360 87764
57361 87804
57363 87852
57367 87892
57368 87894
57369 87923
57379 88105
57381 88117
57382 88118
58542 88686
58546 88779
58547 88780
58549 88812
58550 88813
58552 88855
58553 88856
58554 88894
58555 88940
58557 88976
58559 89008
58560 89025
59701 89544
59703 89545
59704 88658
59711 89742
59712 89783
59713 89784
59714 89822
59715 89823
59716 89865
59718 89866
59719 89867
59720 89901
59721 89902
59722 89903
59723 89926
59724 89927
59725 89928
60828 90457
60844 90784
61969 91366
66608 93581
66614 93587
66622 94365
66702 94138
67770 94356
67786 95088
68855 95089
69902 96493
69903 96494
69912 96497
70918 97175
70940 97180
71863 106497
71938 97870
71951 97873
73866 98518
73880 99157
74871 99153
74872 99154
74970 100137
76032 100136
78089 99551
79018 100180
79999 96929
81086 102403
81113 100750
82279 101805
82301 102400
82478 100201
83615 103379
83780 100777
83781 100781
85134 102461
86281 104861
86502 103470
87666 105257
87844 104298
87853 103898
87854 104355
89014 105255
89027 105256
89053 105627
90384 105992
90407 105626
90424 105993
90450 105994
91785 106336
91816 106337
91851 106338
93134 106648
93135 106649
93169 106653
93199 106655
93260 106971
93261 106656
93295 106657
93512 105902
93513 105903
94590 106961
94591 106962
94592 106963
94593 106964
94614 106965
94615 106966
94616 106967
94654 106969
95990 107260
95991 107261
95992 107262
95993 107263
95994 107264
96019 107267
97386 107543
97387 107544
97388 107545
97420 107546
97421 107547
97422 107548
97457 107549
97458 107550
97459 107551
97482 107552
97483 107553
97521 107867
97522 107556
98800 107854
98801 107855
98802 107856
98803 107859
98862 107860
98863 107861
98864 107862
98886 107866
98888 107555
98936 107869
98937 107870
98939 107559
100223 108133
100254 108134
100255 108135
100256 108136
100277 108137
100278 108138
100304 108139
100305 108140
100537 107235
101570 108403
101665 108404
101712 108406
101713 108410
102977 108673
103036 108675
103070 108956
104378 108672
104442 108674
104467 108955
104729 107823
107255 109718
108606 109716
108632 109717
110196 109957
113063 109706
113065 109207
114355 110598
120305 110392
120306 110393
124472 110403
130859 114671
136011 109611
138245 115681
143515 116828
164747 122230
174897 124177
178267 124921
184812 125965
190044 127067
195115 128559
195447 116795
201886 129648
206950 130292
213977 130915
213980 131604
215657 130941
222974 132628
224786 133245
224787 133257
226540 132910
226549 132915
226560 132612
228152 133620
228188 133230
228189 133231
228190 133232
228191 133234
229895 133596
229899 133592
229900 133593
229901 133594
229905 133604
229913 133248
231643 134218
231647 134208
231650 133923
231662 133927
231663 133929
231664 133935
231674 133930
231675 133931
233385 134479
233386 134480
233387 134738
233404 134481
233407 134199
233408 134200
233409 134201
233410 134202
233411 134203
233412 134204
233413 134205
233414 134206
235203 134458
235204 134460
235205 134461
235206 134462
235213 134463
235214 134466
235215 134468
235216 134469
235217 134470
235218 134471
236984 135185
237029 134984
237030 134978
237033 134716
237034 134718
237035 134720
237036 134721
237037 134722
237054 134725
238767 134958
238771 134964
238783 134959
238784 134960
238785 134961
238786 134962
238792 134966
238793 134967
238800 134965
238806 134970
238807 134971
240519 135193
240523 135204
240524 135212
240525 135213
240526 135206
240532 135194
240533 135195
240534 135196
240535 135197
242369 135678
242388 135441
242389 135443
242390 135447
242392 135685
242393 135461
242403 135448
242404 135449
242405 135450
242406 135451
242420 135452
244325 135660
244331 135906
244336 135666
244337 135667
244338 135668
244339 135669
244340 135670
244341 135671
246276 135888
246277 135889
246278 135890
246279 135891
246280 135892
246282 136132
246291 135882
246292 135883
246293 135884
246294 135885
246295 135886
246296 135887
246297 135904
246307 135898
248140 136111
248141 136112
248142 136113
248143 136114
248144 136115
248145 136116
248148 136350
248149 136117
248150 136118
248151 136353
248152 136361
248153 136362
248159 136120
248160 136122
248161 136123
248162 136124
248163 136125
248164 136127
248179 136134
250033 136573
250039 136343
250040 136344
250041 136345
250042 136346
250043 136347
250044 136348
250045 136349
250046 136351
250047 136352
250048 136360
250053 136121
250058 136126
250059 136355
250060 136128
250061 136129
251825 136558
251826 136560
251827 136562
251828 136811
251830 136576
251831 136577
251836 136569
251844 136564
251845 136566
251846 136567
251847 136568
253496 136795
253509 136820
253514 136812
253515 136818
253523 136800
255166 137036
255167 137038
255169 137269
255176 137052
255182 137049
255183 137050
255190 137044
255192 137053
256822 137256
256823 137267
256835 137275
256836 137276
256837 137277
256845 137279
258455 137491
258463 137490
258464 137746
258474 137496
258483 137497
260095 137744
260096 137745
260098 137747
260108 137755
260109 137749
260120 137751
260121 137754
261769 137970
261798 137968
261806 137976
261807 137987
261815 137988
261816 137989
261817 137990
263433 138194
263434 138196
263440 138190
263442 138198
263451 138204
263452 138205
263454 138206
264909 138609
264926 138406
264934 138408
264935 138409
264939 138411
264940 138415
264944 138410
266439 138616
266445 138613
266450 138614
267914 138821
267926 138826
267936 138827
267940 138834
267941 138835
269394 139028
269402 139035
269413 139039
269423 139040
269424 139041
270807 139235
270808 139245
270820 139248
270834 139249
270835 139251
270836 139256
270837 139257
270838 139258
270842 139255
270846 139259
272196 139456
272209 139464
272210 139466
272217 139471
272222 139467
272223 139468
272224 139469
272226 139470
273679 139675
273680 139677
273682 139682
275147 139889
275148 139890
275155 139894
275164 139899
276469 140096
276477 140097
276478 140100
276480 140102
276481 140103
276482 140104
276491 140112
277782 140302
277792 140300
277793 140303
277795 140304
277797 140305
277800 140310
279253 140511
279258 140515
280694 140714
280696 140715
280697 140716
280698 140721
280699 140722
280701 140725
280702 140726
280709 140729
282029 140925
282033 140927
282034 140931
282035 140932
282036 140933
282037 140934
282038 140935
282040 140941
282041 140718
282042 140929
282044 140938
282045 140939
282046 140940
283379 141348
283380 141349
283381 141134
283382 141135
283383 141141
283384 141144
283388 141149
283396 141145
283397 141146
283398 141147
283405 140942
283406 140943
286204 141558
287441 141773
288715 141994
288716 141995
288717 141996
288718 141997
288734 141774
291379 142198
292543 142550
292544 142551
293721 142735
293722 142733
298800 143320
301610 143719
302994 143909
309814 144725
363997 145895
370898 154732
